  911 
 -462  -919   -58   666  -721  -436   212   161  -153  -605   825   825    57   477  -324  -965  -674   216   300   775   794  -661 
 -526  -438   602  -287  -107  -484   775  -649  -325   813   817   126  -736   128  -734   576   236  -235   364  -263   981  -959  -743   357  -983  -705  -482  -521  -568   803   796   341  -546   862  -686  -953   746  -551   232   613  -813   907  -459   994   -42   791   608  -283   271    32 
  327  -993   664  -728  -534  -262  -942   769  -704 
  251  -710  -210   152   -58  -786   979  -213   889   179   -98  -984  -779   213   203   948  -198 
 -572  -811  -887   540  -902  -860  -646   771  -960  -821  -106  -796  -506   185    90   234  -352   466  -575   112  -332  -696   252   477   -56    27   770   240   106  -114   167    68  -440  -646  -168   966  -483   646  -589 
  683   703   720  -634   236  -132   562  -169    76   341  -472   676   178  -468   659 
  918  -152   325   417  -496   389   531    67  -330  -842   826   843   576   578   229  -737   524   313   234  -621   -11  -178  -412   437  -127  -503   151 
 -304   247   -40   113  -439   451  -757  -309   986  -951   606   784   525  -568   392    69  -568   445  -667  -189    76  -723   726   775   979  -877   287   207  -810   439  -226     7  -530    91  -478   494  -243 
  317  -737  -598  -182   513  -690   154  -967  -463   933   306 
  260   366  -556   821   529  -460   573   679   861    10  -712   487   626   252   -45  -926  -178  -611  -249   710   817  -245   745    50   404  -807   476  -193   246   204   -79  -408    98   185   999   571  -565   347  -233  -395 
  232   610   561   810  -151   650   -77 
  422   593   766  -846   213   258   975  -770   196  -230   690  -226  -219  -399  -861   129   927  -635   886   933  -136   172   852  -100  -583  -140   671  -190  -595  -258  -691  -209   667  -205   833   701  -994  -853  -252  -841  -565    83   292  -625   283   330    -1  -325 
 -594   557   392  -786  -147  -606  -154  -240   163   324   434   829  -554   458  -833  -430   668   769    -3   681   424     9   594   681  -288  -340  -152  -104  -813   513   983   947   261   573  -180 
  -75    52   106  -153  -159   287   445   -73   263   402   693  -811    94  -383   251  -682 
  760   -57   595   262  -638  -714   338  -660   821  -614   467   577   974   563  -919  -148   280    97   887  -751   327    51     2   774  -542   277   714  -916   459  -629  -369   940   871   926   868   -61  -155   980   394  -878  -669   654 
 -751  -551   797   394  -170   979   253  -842  -695 
 -358   185   811   -67  -994   853  -399  -247   838  -957   219   202  -360  -147   936  -969  -614  -838   543  -615   920   195   924   746  -867   972   295  -632   852   872   941  -160  -248 
  986  -459  -342  -615   969   412  -491    83   936   482   255  -277   239   977   857   642   590  -874   843  -977  -376  -122  -155   480   334  -660  -216   464   878  -373   729   262    70   570   948   763   741  -844  -526   886    44 
  739   230  -908   659  -894  -680   817  -140   437  -927   444  -842   -78   791   512  -793  -835   964  -674  -992   580  -441  -744   818  -811   451   362   570  -676  -613   431 
  287  -552   165  -269  -279   544  -798   660   790  -451    -4  -444   546  -251  -526  -352   498   279   854   335  -917   664   952   814   252  -185  -671   278  -991   507  -958  -431  -324   889  -373  -640    32   622  -776  -639   325   131   779  -706  -435   108 
  257   241   -69  -661  -777  -822  -562   531   -74  -227   645  -739  -297  -240  -866   879   618   841  -574   756   136  -590   772  -627   316 
  436   264  -450  -845   314  -705   270  -897    65   909  -102  -178  -311  -277  -923   839   337  -814  -618  -401   517   221   136  -900  -250   338    70  -102   -52  -769  -361   664  -930   399  -545  -579   125   132   187    -8  -907   729   290   762   950  -201    30  -851  -501   149 
 -160  -432 
  951   863  -367  -577  -295   318  -178   100   126  -729   180  -104   720   126   602 
 -549    53  -342  -702   275  -401  -952   995   937   890   515  -807  -940   -15   934  -367   101  -807   157   651  -979  -371  -825  -329  -945  -274   758   959   904   690   588   667   326  -154    98  -488  -291  -265  -245  -874   922 
 -127   701   171   730   621    97   979 
  913   963  -327  -834  -117  -462    80    79  -342   -79   555   835   516   591   695   140  -905   695  -209   846   362  -945  -904   266   314    95   842   -29  -301   134  -496   843  -465   157   292    74   283  -526  -319   417    41   723 
  175   939    77 
 -109  -892   657    28   914   968 
 -471  -807   415  -605  -517  -107   438  -334  -986  -743   544   556  -312   944   170   665   323  -610   658 
  573   722  -166  -351   -22  -289  -854   -30  -581   416  -503   609   446   155  -804  -450   700   314 
 -494   225   651   295  -670   988  -498   658   516    31   113  -486  -189   163   195   984  -915 
 -935    58   419  -132   696   866  -373   948   119  -503   505   774   939   928   939   766  -669  -455   857    68  -140 
 -417  -926   -74   361   541   467  -254   918  -192   897   683  -773   958   103  -910   769   580   320  -917  -845   807  -908   757   743  -415  -205  -181   805   734  -346   -22  -344  -305 
  393  -159   672   464  -559  -552  -421  -678  -964  -793    10   367   486  -119   765   613   557 
  819   692   130  -499   910   395   796  -475  -666   514   -60   515  -691   728   446   260  -690   445  -852   651  -865   973  -772   923 
  356  -987 
   85   820  -741    13 
  884  -278  -927  -179   816  -547  -568   710  -403   249  -745  -775   839   -88  -557   701  -177   -80  -763   683  -256    25   482   843    48   683  -616  -154   441   261   402  -685    42   941  -817   307  -833  -125  -267  -136  -994  -325   374 
   30  -854  -179  -455   205  -421   884   380  -661  -575   426  -862    -7   475   254  -366  -614  -846  -754   233   630   525   764  -925  -252   890  -406  -298   968   658  -845  -248  -627  -228   550   794   700  -553    46   709 
 -913  -569  -120   747   321   -47   542  -346  -601  -228   -64   806  -174   323   658  -307   378   681    -8   178   161   804  -277   166  -620   -57  -546  -987 
  345  -114   911   -25  -638   -46  -125   171  -965   932  -612    82  -902  -979   117   510  -895   580  -474  -436  -757   780   922   901  -764  -577   221  -444  -197  -818   400   241   736   987  -729   -99    35   117  -181  -255  -975   324  -155 
  532  -491  -987   383   751   736   226  -864  -821   694   518   195 -1000  -172  -790  -575   252   900   562   678  -567   299  -134  -448  -305   880    85 
  804   800   212   241   126  -473  -652   199  -744  -243   378  -276   -99   966   859  -250   236  -379   617  -745   922  -242   553  -947   250  -449  -690  -768 
  122   484  -513   523   755  -379  -410   857  -946   -64  -931  -412   648  -348    78   131  -500  -619  -691  -319    42  -635  -508  -947  -766  -206  -553   242   474 
  -93   440   923   -40  -711  -137   863    91   981   216   931  -696   733   244    59   -12   397   551   304  -537 
 -499  -796  -152  -135   409  -444   230 
  578  -327  -880  -788   180  -312  -706   329  -256   840 
 -888  -273  -458   -14 
 -854   811   879  -740   969  -153   -18   924  -817   -71    82  -308   -68   -71   751   139  -570   323  -459  -579   834  -820   309   895  -969   987  -440    93   893   328  -279   191   873  -926   192  -289   738   808   897  -976   329   728   640  -875   422  -903  -795 
 -146  -582   298  -815  -558   706  -848  -878  -992  -784   445   434   600   811   -10  -546   577 
   -1   572   289   -44  -123  -693   879  -272   302   878  -623  -437  -193  -924   670   861   -57   518  -676  -154   897  -766   929  -433  -498   829   912  -425  -982  -945    23  -789  -812  -600   992 
  727   -41  -360  -300  -151   340    75   810   904  -709   221    29  -220   851  -471   211   -25  -233  -571   880  -804  -697  -251  -705  -883   409  -156  -872    22   403  -416  -232  -823   594   -61  -534  -885  -458  -732   572  -358  -768 
  -91   906  -535  -381  -922    53   714   967  -659   135   485  -111   479   652   312   -45   620   291   607   465   -91   914  -417  -670  -474  -871  -566   245  -320   120   349   924   663   113   246  -901  -865   539   182   886  -389  -514  -932     1   613   769  -585   623  -692 
 -834  -353  -863  -501   541   652   844   438   177  -228   429   516  -870  -480 
  603  -546  -236    97   423  -586  -124   893  -938  -446   637   -39   734  -994   754   124   487   666   -85 
  630  -808   379   285  -221  -474   543   270   411   678   144  -668  -203   377  -845  -866   627   189  -396  -332  -137  -129   202   665   890  -891  -929   151  -855   739  -427   564   919  -774   755  -729   103  -192  -832   668 
 -878   465  -540   -15    43  -908   -49    55  -342   192  -397   977  -682  -634  -973  -637   -17  -627   424   777   781   923   609   192 
 -912 
  211    -3   594  -759  -568  -808  -357   -95  -630   946  -880   543  -695   946   808   784  -391  -633  -818  -400   251   642  -958   824   333  -732   275  -239    69  -313  -356   -88  -325   370  -291  -778  -546  -975  -851   866  -175   251   815   801   242   163   602   -89    13 
  840  -832  -823   826   135  -189  -364   527  -466  -277   681   553   311  -698    65  -793  -454   696   129   819  -985  -640    -4   688  -432  -830   135   585    38   849 
 -947    33  -372 
  832   -39  -450   529   483  -612   591   889   128   -44  -252   571  -275   383  -675   126   929  -494   483  -447   725   493   128   408  -894   670  -530  -544   288   763   509    -2   776  -220  -961   201   175  -234   320   668   948  -342   175  -997     0 
 -449   983  -300   501   656  -792   652  -426 
  185   317  -590   329   544  -974   754   525   216   931    36  -613   933  -849  -460  -225   -82  -789  -807   566  -119  -287  -458   200  -466    66  -632   936  -987    52   350  -402   562  -466   736   605   -90  -974   994   214   723 
  681  -295  -888  -645   611   762  -350  -965   428  -221  -973  -497  -980    92   803    -6  -876   397    82   245 
 -976   130   811   601   570  -412  -578   463  -829  -812  -732   162   375  -379  -344   641   463    21  -428   298  -221   657  -233  -295  -192   316   892   714   613   522  -774   648  -139   593   470 
 -499  -130   485   -25   -25   993   398  -123   908  -943   417   956  -648   325  -860  -909  -149  -366  -636    42    52    50   575  -176   242  -431  -216    15 
  157    97 
  191   -49   -60   429   891   -43   -68   923   395   564  -184   115  -502    57    75   164  -643  -550   -90  -844   752   279   812  -517 
  602   966   761  -197   -77  -570   423   412  -393  -281   846   621   500  -329   190  -704   717   229   571   201  -879    67   250   650  -710  -727   -88  -608   321   232  -697   568  -690   305 
 -964   364   364  -882   820   336   468  -839   771  -456  -673   846  -638   843   576  -130  -947  -773   711  -986   512    -4  -651  -298  -624  -780   301   496  -419    13    22 
 -818   324   121  -753   258   884 
  686   206   113   275  -269   384   238   103  -458   357  -125   283   701   700   775   627   904   216  -974   451   599  -539   374   690  -645   108   920  -134  -364  -155   -70   214  -403  -523   -90  -665   286  -194  -250  -963  -922   214  -153  -667   926   630  -917  -987  -490  -765 
 -872   707  -574   -95  -102   -83   490  -568  -549    -6  -796   634   558   725   107   102  -164  -217  -731  -333   363  -901 
  581  -242  -954  -337  -976   248  -776   339   587  -867    86   158   -25   206    98   825   442   -92  -342  -243   -99    46   157  -719    77 
  718  -647   708   434   330  -899  -757  -947    61   -32   345   734    18   107   599   777   530   735   487  -237   461   219  -609  -154   468    17   964  -828   370   623     3   623   730  -186  -279   829   413   -37  -851    93  -773  -110  -645   198  -306  -119   684   172    40 
 -422  -804   778  -141  -726  -951  -305  -645  -319   769  -856   463  -108    15 
 -174  -911  -255  -410   892   952   704   753   523     6   282   170   382   126  -188  -175  -982  -365   449  -299  -270    35   -90   410  -550 
 -881   923  -121   911   758 
 -703  -488   328  -168   832   513  -839  -928  -394  -102    30  -786   517  -224  -164   -10  -383  -171  -982  -645   384  -619   824   383   -84  -841    61   477  -857   428  -951   -23   432   736   515   322  -959  -847  -746  -417   989  -779   377  -245   567    77   988  -907  -556 
 -637    72   899  -100  -257    76 
  569   461  -785   317   111  -671  -783  -199  -395   379  -778   131  -951    10   459   995  -263   860   179   -29   129  -888  -507    18   467    76  -287   346  -108   200  -978   -28  -230  -541   249   462  -916 
 -721  -835  -632  -788   -56  -880  -589  -974   643   701   499   276   337  -977  -155  -229  -612  -528   256     6   668  -885  -672   165  -889   113   667   385   902   756   423  -115  -149 
  988   784  -123  -181  -527  -384   790    94   746  -477   695   449   -41   515  -305  -572  -655   727   301  -201   442   735  -389   815  -732   -78  -597 
 -713  -821  -188  -687   813   325   402   876  -257  -676  -976  -416   734  -509   239  -327   971   910  -883   172   560  -837   811  -379   269  -349  -520  -359  -375   500   670  -235  -115  -593 
 -977   778   579   -88  -962  -668  -283   496   849  -977  -731   233  -363  -462    28  -890   560   935   446  -996   990  -979   205  -782   751  -497   888  -268  -457   956  -629  -528   577   903  -797    38   700   203    18  -767  -277   106  -763  -486   741   438  -108   477  -819 
 -130   817  -227   180   982  -538   -19  -489   325  -848  -273  -744  -780   464   644   165   -86   161   990   776  -783   215   -63  -835  -194    -2  -592 
 -957  -620  -399  -710   305  -833   129   323  -725  -762   764  -742   793  -188    77  -572  -449   953  -756   -29   -67   875  -533    59   -16   343   459  -736  -973   529   119  -777  -813    79  -357  -600  -901   -25   379   461  -362  -796  -939  -907   515   220   636  -311  -143 
  641   783 
  158   266  -307  -344   977   652  -176   265   178   932  -749  -687   720   588  -691  -402   568  -805   649    97   850   952  -449  -199   986  -430   507   902   720  -192  -354  -421 
  613   369   770  -812   484   683  -166  -771  -947  -506   992   597  -173   740  -902   731   701  -452   557  -654   274   113   495  -771   353  -511   -27   239  -503  -699 
 -190  -902   315  -360   520  -871   972   107  -617  -549   -90   587   532   836  -848  -630  -822   209   154   985  -176   441   560   961    -7   612   955   537   878 
  453 
  970  -257  -657  -878   -22  -555   303   790  -139  -754   254   231   475   984   -57  -857   392  -780   949   495  -612  -950   646  -677    39  -122  -252   647  -157  -167   312  -962  -534  -755  -903   -18   940   385  -951  -659   851   161   -17   924 
  828   -34  -246    74  -541   -99 
 -869   938  -416   761   648  -757  -513  -246  -436   802   352   618  -420   458  -197   822   217 
  860 
 -309    43  -872  -778  -803   946  -931  -555  -562   -59   413   812  -840   776  -207  -871   -42   273   529  -545  -474   304  -646   439   486  -941  -836    51   230  -320   153   331   877  -964   126  -410   312   253 

